-32 -48  50  18  43  23  40  85 -36 -56  32  74  12 -25  13  10  -6 -14 -20 -81   4 -36 -54  20  12 -11 -77 -61 -65 -70  32 -36 -11  68  35 -27  79 -62  61  35 -66  44  72 -46 -23 -74 -71  69 -71 -70  57  68   0 -70  68  73 -12  53 -33  34 -71   4 -85  90 -90  63 -54 -71  54  27  24 -67 -54 -86 -22 -77 -21  27 -73 -90 -78 -70  43 -12  64 -28  53 -81  35 -87  75 -48 -44  31 -44  31  37  13 -62 -44
 52  61  45  44  17  58  85 -30 -58  -6  31 -32  50 -57 -82   6 -57  16  90 -79  52 -72 -17  61  14 -44  -6 -61 -68  36  22  89  37  49 -76 -20  26   2 -30   2 -67  77  28  22  17 -62  26 -17  82  36  86 -71  58 -72 -47  89 -89  43  -3 -83  74 -19 -51 -76  -5  34 -35  29  49  53  18  -1  43 -39  48 -50  27 -56  64  19 -79  -1 -50  -4  62  69 -74 -28  23  29 -59  33  68  46 -68  57 -73  -5 -55 -50
-88 -34 -41 -53  29 -32  55  65  73  86  15  55  88  83 -28  62  67  12 -68 -32 -67 -20 -77  89 -36  69 -70 -23 -22  87 -27  71  54 -17  25   6  36  68  78  31  -4 -17 -10 -63  71   3  63  31 -59 -20  77   6 -79  61 -32 -31 -76   4  20  21 -89 -56 -81 -43 -50 -62 -61  47 -64 -46 -13 -33 -24 -50 -23 -31 -14 -37  84  46  53 -78  55 -27 -63 -24   9   1 -71  20 -74 -12   2  37   2 -48 -19 -20 -78 -69
-30  47  14 -66 -24  77 -18  63 -42   7  -6 -18 -56 -84 -60 -61 -36 -61  21  67  66 -46 -57  52  -1 -26  67 -40 -53  58  -5  33 -51  75  41 -14  29  59  85  25 -54 -34  11  18  84  46 -19  34 -86 -84  20 -74  46  18 -44 -74  69  68   8 -46  33 -58  56 -48   3 -19  10  30 -72 -44 -56 -23  47  53 -54  -1 -30  84  20  69  50 -24 -71  15 -58 -85  21 -45  19 -39 -11  29 -63 -25  74 -77 -32   7  68 -35
 40 -53  85 -84  53  -8 -70 -12  24  17  52 -14 -58 -27  72  28 -34  -6  27 -86 -28  -1 -88  67  25  24  74 -55 -24  42 -47   7 -63  19  50 -38  16  38 -37  14  13   4 -40 -60 -53  41  60  44  -6 -26  62  56 -39  53  58 -28   6  62 -73  69 -46  16  55 -39  73 -54  40  75 -51   0  71  54  22 -72 -50 -57  18  26 -70   3 -24  36 -44 -56  16 -37  79 -74  39  23 -16  73  35  43 -38  90  44  37  30 -54
 54  -2  29  56 -35  29  -8 -76 -57 -52 -55 -14  83  59  41  78  77 -78 -76 -19 -45 -78 -78 -31  19  -7  39  70  -5 -65 -78 -69 -87 -55 -81 -83  64  73  30  59 -21  -7 -39  50  54  71 -18   2  34 -46  10  23  75 -18 -27  47  40  58  83 -57  82  33 -51  72  -1  73  32  84  18 -73  13  63 -69 -74 -79  17  57   7 -26  12  58  -7  11 -88 -70  84  18 -25  -6  -8 -34 -78 -57  82  -7 -40 -21  60 -62 -51
-67 -19  71 -73 -23 -71 -63 -46 -14 -41 -84  -1 -79  23  75 -77  58  67 -87 -18  67  67  37  -3 -46 -33 -70 -90 -56  56 -64 -29 -19  14 -66  80 -74  -4  25 -12 -12  69  58  56  22 -59  39   2 -35  31 -86  88  50 -66 -81   6   1  -1  71 -67  29  47 -70  63  65  10  69  85 -77  56 -34  29   1  24  39  62 -56  33  41  58  81  46  39 -82  73 -38  24 -62 -76 -31 -79  47 -24 -72 -39 -41  18  44 -18  44
-50 -62  63  21 -75  21  66 -38  38  23  55 -10  17 -79  45 -75  -2 -20  37  46 -31 -41 -69  79 -33  73 -42 -49 -21  70  -3  21  39  44 -59 -48   3   9 -35  38  50  12 -15   1 -59 -32  81  59 -14  80 -64   2  29   7  47  33  21 -35  -8   4 -17  71   5 -23  -3  52  50  34  40  -1 -44  43  59  40  45 -64 -51 -69 -25 -77 -60  40 -76  90 -31   2   7 -83  38  11  11 -78 -58  40  86 -41 -44  29  52 -75
-67 -40 -34 -59 -53 -90  56  52  25 -81  65 -27 -26  83  -2  -2  48 -66  37 -31 -66  12  79  58  35  46 -10 -42  24 -28  30  85  89  24  47 -30  89 -23 -28  51  37  18  44 -79  32  -7 -74   7 -17 -54  79 -57  25  -6  -3 -27 -62  44 -36 -49 -72 -82  75 -43 -53  -2 -36  16  88 -47 -81 -34  15 -88 -48 -29 -79 -47  89 -55  54 -61  15 -52 -71 -35 -15  25 -23  19 -42  27 -71  38 -15  -6 -87  25 -60  89
-88  18 -72  25 -32  -6 -76 -51  17 -48  32  16  36   5 -53  23  -5  38  71  43  34   8 -57  21 -88 -21 -30  32  57 -30 -39  -2 -78   0 -57 -48 -90 -19  82 -62  68 -25  14 -46  34  79 -52  77 -38 -30 -24 -67 -78   6  42  73   1  46 -29  -9 -33  83  54 -30 -75  17 -35  37  42 -64  70  39  37 -14 -64 -13 -79 -38  62  74 -64  -6 -12 -73 -18 -72  -9  83 -35 -57  68 -21 -36 -24  54  20  36 -17  51  72
 -5 -72 -46 -40 -10 -41  43 -83  17 -84  60 -39 -84 -26 -12 -25 -60 -17 -74  23  23 -40 -78  75  -5  53  37  -5 -88  40 -39 -27 -27  31  -9  18  -6  39 -17 -29 -31  31 -26 -31  54 -29 -28 -23 -78  24 -17 -28  86  69  78   2 -40 -14  53 -18  11  24  59  49 -17 -30 -63 -42 -80   4 -30  43  57  49  24 -73   0 -67  18 -65 -72  26 -32  17  71 -35  32  52  29  41  81  57  22  -7 -58 -28  16 -35  -6   9
-46  81   6  62  51 -65  -7  21 -88  51 -68 -90  22 -25 -74 -26 -65  15  50  39  85 -33 -60  82  44  37   7 -44  86   2 -14 -20 -71  -5 -87  17  37 -80  85 -65 -59  74  -4 -87  75 -35 -55  36  35 -51 -77  30 -87 -68 -24 -48  59 -36 -48 -20 -64 -84  21  72  53  53  65 -10  23  67  21  74 -63  45  -4 -44  56   1 -61 -86 -71 -27  25   8 -81 -27 -21  23 -19  66 -59  26 -69  76 -35 -44  -5 -71  -3  55
 16  60  -7 -33  14  25  65 -17  76  41 -70 -38  65 -57 -37  61 -32  14 -36  47   6  78 -41 -33  -1  52  75 -60  86 -32  89 -67  15 -81   5 -41  66 -21  49 -70   1 -62  46 -68 -21 -86  78  27  56  43 -50 -67  28 -86  25 -26 -46  51  48  71  64 -18  89 -53  50   3  40 -44  70  60 -44 -43  10 -76  76 -26 -16  77  79  10  74  18  58  60 -49  78  16  -8   0 -34 -36 -64 -52 -80  50   2  49  34 -31 -31
-72  87 -25  53  20   5  88 -64 -43  41   7  72 -49  15  57  63  20 -60  78  55  34 -30  16  -3   0 -68 -27 -51  75  40  30  73 -10  45 -69 -61 -12 -12  90  79 -38   3 -61  24 -83  72 -30 -64 -44  80 -42 -84 -65 -32 -45 -71 -74  24  37   6  23  29  53 -63  20  35  81  46  36  54 -30 -18  -8 -72   7 -58  18  87 -63 -25  72 -78  65  77  44  72  87  65  83  59 -25  78  80 -66  58 -32 -66  21  62 -39
-34  48  73  25 -28 -11  24 -18  21  17  86  -4  27 -26  65 -41  30  31   2 -70  -2  -2 -24 -25   1  -1 -52 -37 -20 -35   7 -45 -29 -38  74  71  -8 -45  37 -43 -82 -90  81 -47 -62 -25  71 -81 -77  90 -60  43 -77  62  42 -75 -56 -21 -66 -40   0 -16 -13  -5   0   6 -11 -50 -55  77  21 -49   5  76 -62 -57 -21 -28  81  23  47   6  57 -66 -78  43 -24 -20  -1  13 -32   8  60  60  89 -55  10 -14  88  34
-77  41 -40  14  77 -25  55 -85 -48 -50  87  15   8  71 -63 -60 -40   9  68 -85  43   9 -83 -73 -64  57  -2   1 -34 -82 -81 -25  62  27 -90  70 -85 -51  36  10  89  85  83 -14   9  72 -21 -39 -71 -58  15  84 -41  54  78  11  13  42  36 -33  26 -74 -36   4 -66 -82  59 -49 -74   0  32 -17 -28 -28 -66  -2 -70 -39   2   7  62  70  82  84 -42 -88 -59 -81 -42 -13  64 -76 -22 -61   5   5 -76 -52  45 -36
 34 -17 -77 -35 -53 -86   2 -78 -72  84  69 -52 -65  18 -90  69 -11  36  12 -44  81 -17  69 -80  70  33 -17  13 -82 -33 -71 -76 -35  65 -33  77  64  37  78 -65 -64  61   5  80  59  -8  75  87  17 -74 -43 -23  46  60 -45  -3  75  44 -27 -82  45  72  65  29  65 -69   9   3 -84 -52  -6  85 -24  70  86  23  -4 -82 -79 -85  -9 -10  41  14 -63 -76 -53  46 -10  14  -5 -78 -35 -76  61 -21  43  13 -38  87
 23 -25 -37  53   6 -19 -28 -10   5  88  64 -56 -19  31  -5 -74 -49   4 -61 -82  77 -89   3 -87  73 -64  81 -43 -41 -45  74 -22 -37 -71   5 -61  83 -54  10  31 -35 -56 -84  69 -67 -37 -22   6  63  69 -84 -13 -82 -24  85 -11 -57  -3  26  26  52 -31 -32 -89 -30  38 -15 -39 -56 -31  65  90  53  78 -35  -5  58  79 -33  85  82 -48  77 -69 -42 -35  16 -50 -12  50 -54 -41  78  89 -89  48 -61  43 -57  -5
 23  31  34 -72 -78 -52  30   6  22 -32 -48  44 -89   6  62 -55 -80  89  25   7  16  28 -23  53  41 -89   5 -64 -83  11 -73  31  76  35 -64  67  74  60   6 -22 -86 -27  45 -13 -36 -54 -85 -88  19 -85  82 -31 -50  43 -55  67  87 -42 -35 -88 -30 -39  35 -39  28   7   7   5 -28 -80 -49  85  48 -80   8  -7   9  61 -76 -46  42 -40   3  40 -12 -55 -56 -28 -88  28  77 -55 -50  16  -4 -52  28  67 -67  47
 56 -48 -36 -80  19 -83 -12  68 -43  27  46 -10 -24 -82  17  14 -74 -35   5 -29  62  74  75  48 -87 -63  43 -54  70 -39   0  50 -59  48 -15 -47  49  26  66  -5  52  10  56 -59 -82 -37 -63  62  12  86  87  81 -19  11  65 -53 -18   3  87 -70 -46  31  -6  -5  72  10  88  83   3  38  22 -17 -48  -9 -10   2 -86  -6 -79 -51  29   7  25 -39 -66 -46 -57 -21 -66 -38  68 -70 -73  19 -66  59 -44  19  53  25
 83 -44 -59 -69  21 -46  80 -50  19 -51  24  70 -41 -46 -84 -19   3  12 -62   8  60  43 -27 -65  33 -41  57 -62  -9 -77 -14  62 -34 -55 -10 -12 -81 -41 -13  12 -78  79  86  46  66  32 -46  12 -84  90  -8 -19 -71 -39  77  17  38  35 -81 -35 -70  40 -77  -4  77 -28  81 -89 -42 -78   8 -88 -59  -9 -42 -32 -65   3  29 -34 -62  42  72  15 -82 -52 -35 -68 -75 -77  51  74 -31 -34 -81  -7  64 -11 -30  69
 49  21 -73 -72 -22  55  26  74  87  57  21 -52  73  85  14  -8 -39   9  13 -59  38  72  -4  78 -84  86 -74 -31 -67  58  -6  75 -85 -34  67  54  90 -24 -53 -69 -53   7  76  72  45 -42 -46 -56  70  64 -66 -62  -9  15  43 -30  57  87  70  88  14  37  86 -11 -16  48  24  75 -16 -13 -49   7  34   5 -87  63 -47 -64 -38  88 -16 -46 -50  52  34 -34   3 -88  26  20  38 -26  44 -71 -40  10  82 -24  30  70
 20  73 -62 -53  68  62   4 -85  12  10 -20  42 -60 -40 -12 -68 -27  59  77   5  35 -21  -7  45  25  88  23  16   0  18  71  61  46 -83 -20  15   6  17  39  -4  81 -28 -12  82  11  18   5  53   0 -25   6 -58 -18 -22  30  -2 -27  38  19 -16  28 -23 -25  -4 -40  69 -48 -80 -72  -5 -64  41  75 -60  -2   0  53  84  76 -71   9 -13  73  29 -14 -61  77  29  56  40  58 -30 -48  11 -72  89   4 -12 -75  78
-35 -87  -9  -2 -26 -37 -22   3  20  31  48  12 -46 -90  11  52  65 -79 -37   1 -43 -30 -28  30 -80 -58 -81  51 -48 -40  10 -78  79  44 -87  22 -76  -2  67  52 -19 -74  73 -82  54 -28 -43 -49 -63 -32  53  24  22  34  78  -2 -41  62   4 -46  56  22  55 -13 -46 -48  12  52  77 -22  29 -40  57 -77 -23  62  -6  33 -75  69  72  83 -25 -76  19  72  -8  25 -36 -29  26  74 -34 -25  44 -55  29  67 -61  -7
-75  -3 -44 -44  66  89 -46 -20 -31 -17 -89  63  76 -63   2  70 -27  56 -16  64  33 -28 -10   6  19 -59 -49 -49 -35 -49  82  11 -11  12 -57  45 -13 -35  -1  30  65 -82 -11  11 -10  50 -46  33 -53  45 -31 -12  -2  11  46 -44  -6  45 -82 -68  81  60 -54 -49  89 -31  31  74 -13 -41 -90 -35  67  46  82  65 -21  22 -17 -76 -49 -13  57  62  69  68 -76  30  57 -12  37   4  33 -63 -78 -14  15  35  32 -63
-10  19 -90  52 -66 -21  72  -9 -89  70 -31 -80  -5 -10 -57  36 -75 -48 -41  90  80  40  48  30  42  31 -76 -69 -69 -34  76  -7  73  41 -53  -5 -53 -66  89  40 -75  63  11  56   0   9 -88 -83 -89  46  -3  81  38   8  -7  83 -36 -32   5  -4  49  67 -57 -53 -36 -11 -28  19 -56 -26  88  61  58 -47 -18  71 -15 -79  81  70  67  85 -62  -8  25  39  -1  18 -71  80  73 -51 -11  83  22 -64  48  66  88  28
-53  45  31 -82 -58 -59  52 -13 -78 -58 -17 -43 -16  55 -62 -31 -16 -60   0  21 -47 -55 -23  26 -60 -54 -39 -34 -64 -82 -45 -43 -70 -40 -79  51  40 -81 -68  10  71 -24  34   3 -25  63  26  11  72 -23   0  60  65  -7 -27  29 -61  78 -63  26  27 -35   3  16 -66 -70 -26  48 -39  25 -27 -34  67 -87 -36  44 -77  52  43  86 -11  56   0 -39  26  22  89  54  15  78 -12 -82  -5 -30 -83  27  81  50 -24  32
 37 -57  64  33 -25 -45  69  83  29  62 -30  17  -3  32  20  43   0 -14   0 -59 -31 -86  17  18 -40 -79 -62  79 -71   6 -60  21  32  81  55   1   0 -24  11  37  22 -80  59 -85 -77 -86 -44 -14 -30 -31  67 -35  81  -9   0  15 -42  18  57 -55 -89 -44  -2  64  -5  18 -17  61  55 -40  72  28 -66   4 -32  50  81   0 -16  38  52 -71  22  43  35   9  16  46  57   0 -40 -12  14 -46  19 -57 -39 -12  13 -18
 88 -15 -55 -40 -10 -32  17   0  69   3  68  85  76  88  53 -55  75  16  85  54  28 -83  -9  19 -74 -34 -22 -60  69  47  60 -28  64  54  35  56  70 -90  44  66 -82  22  73  71 -39  79  70  14 -18  12  10 -32  49 -87  17  46 -49  90  45 -44 -14  63 -11  64  32  28  57 -88  61 -80 -62  24  34  19 -20 -10 -84  47 -71 -13   3 -85  59  34 -27 -35 -60 -24  37  85  77  60 -13 -51  82  22 -66 -23 -15  19
 20  76 -20  -5 -79  51  78 -78  63 -89 -23 -11 -39  89  36  85  66 -74 -51 -74  -4 -83  10 -22 -47  14 -32  61 -17  15  -8  87 -65  12 -57  34  44  45  31 -64   6 -11 -77 -84  19  68 -83  38  61  58 -61  74  45 -59 -62  35  46 -50  85 -84  52  84  83  -4  76  30  18  61  11 -20  30 -39 -72  61 -61  31   6  44   0 -64 -89  13  78   7  60 -30  50  43  78  64 -29 -70  13 -84 -77  35 -45  87  79  41
 52 -43  41   8  55 -73  13 -13  74  73  29  62 -24  47  15  39  21   8 -37  44  56  42   4 -26  26 -80   9  87  53 -48 -37  52 -17  76  62 -11  53  77  69  55 -86 -10  42   9  38   2  54   7 -84   6  86  35 -76  -2  21  25  13 -72  65   7  30  52  24   5 -58  77 -72  39 -74 -38  72 -64  10 -49 -57 -52 -84  54  32 -75 -56 -75 -54   1   8  28  29  36 -88 -76 -38  33  -9  11 -13  89  34 -15 -57 -77
-12 -32  80 -63 -31  37 -20 -46  80 -79 -11 -64 -68  68 -81   4 -73 -16 -31 -25  81 -13  22  -2 -13 -70  25 -66 -86  -7  20  45  16 -34 -70 -32 -49  87  35 -61  87 -52  -3 -72 -55   9   5 -26  86  40 -63  23 -36 -26  39 -13  54 -44 -60  73   5  54  23  35 -50 -90  -1 -11 -10 -77  -5 -58  45 -37  10 -45 -47 -16  28  14 -88 -54 -17  38  16 -83  28 -32  80  34 -41  -1  26  81 -67 -42  86  46  53 -81
 50  73 -20 -41  29 -44 -53  -5 -19  41 -56 -75 -28  -9 -41  90 -70 -85   3   6   0 -27  -5  33 -40 -71  65  53 -64 -50   0 -25  54  78  29  32  29   3   6 -85 -55  22  23 -10 -54 -11   6  79  34 -61 -21 -17 -61 -61  37  63 -29  39 -89  -1 -34  46   7  33 -21 -33  86 -25 -55  57  79   6 -43 -85 -65 -19  40 -88 -18 -30  84  90  53  82 -40  36 -65 -56   4 -32  38  19  -6 -42 -22 -51  13  -2 -55  62
 59 -87 -18  32  47 -55  69  84 -19 -53 -70 -20 -47 -65 -58 -68   5  26  66 -10  55 -13  77  76  44  56  32  85 -71 -89  79 -62  43 -77  35  16 -83  62 -68 -14  19 -37 -82 -67  80  37 -89  60  16  55  43 -76 -81  55  21 -35 -66 -59 -34 -60 -64  -8 -78  46  32  37 -54  -1 -75 -27 -30  85 -42  88  -3 -11 -64 -13  23 -44  73 -77  80  88  56 -56  48  -2 -86 -50  79  10 -78 -86   3  26  19  10 -27  61
-42 -25 -13 -58 -29  64  48  62 -43 -54  67 -73  40  44 -39 -86 -54 -36 -65  82  72  76  82  84 -80  35 -74 -48 -52 -51  63 -69 -18  88  67 -29  60  28  -3 -34 -21 -11 -27 -82  37  26 -76  26  69 -13 -59 -36   8  -8  84 -60  11  15  71 -38  58  11  36  40 -69 -25 -15  28  41 -52  52  32 -25 -11  73 -49  27  13  40   8  69  -9  21 -64  24 -24 -46  -9  61  -8 -84  40  52  67  -6  79 -57  49  -3 -53
-49 -67  36  38  49  41  67 -13 -24 -35 -89  14  81 -34 -58  37  33 -29 -12 -39   2 -65  59 -42   4 -21 -58 -86 -67  51  43  -8 -37  52  10 -45 -36  -5 -12 -14 -80 -76  54  33   1  68 -53  40  53  66   3 -84 -29  53  23  28 -72 -13  19  39  80 -28  50  58 -78  59  58  84  35 -72 -19  18 -60  50   4  34  53 -29 -89  31 -60   5 -57 -52  85 -16  79   3 -50 -24 -89 -30 -26 -76 -18 -36  57  12 -63   0
-75  47 -45  64  27 -90  74 -62  46   6 -26  80  74 -27  -6 -75 -40  61 -76 -30  43  38  35  50 -72 -15   7  89 -62  42  26  73 -85 -70  -8   9  17 -89  47  55 -25  88  62 -83  -8 -21  11  64 -16  68 -37 -82  54 -62 -44  23  80 -61 -50 -53 -85 -43 -19 -30  33 -75 -40 -89  39 -40  16  65 -58 -54   4  13  59   8   2  -3  27  81 -34  52  42 -72  61 -56 -29  77  39  37 -35  38  23 -46 -50 -24  57 -61
 86 -52 -65 -22 -54  54 -36  -4  16  12  49 -13  86 -31  83  77   7  38 -30 -14  57 -28  12  48 -78  86 -84 -83  38  -7 -75 -67  63 -75  -6  12 -53 -42   3  -9 -82 -17  66  -5  58  24  23 -23 -18  86  55  60  37  57  82 -50  56 -17 -87  -1  71  84 -15  42 -73  11 -24 -57  -6 -18  36   6 -83   8 -61   0  27  62  17 -69  25 -56  22  -8 -13 -51 -87  24 -73  75  41 -27  21  73 -81 -32  74  82 -39  18
-46   8 -47  66 -27 -21  73 -58  33  10  87 -20  89  31  20  70  74 -15 -10  32 -11  -6 -79   0 -31  82   3 -39  36  -8  14 -31 -66  -3 -20 -32 -62  67  62  59  11  35 -73 -90 -78  29  51  -4 -36 -79 -87 -51  20 -40  84   7 -26  90 -27 -51 -47  28 -60  65 -28  -3  78 -66  13 -70  -4  43  32  25 -52 -49 -60 -87   6  17  63  -9  19  38   9 -58  15  40  10 -57 -41 -33  52  -5  89  -4  19  83  41 -35
-59  80  41 -68 -13 -75  50  59  -5 -36  12  51  54  17  15   6  85  84  -2 -50 -18 -75  66 -59  22   4 -49  -5  85  64  -1 -55 -56  20 -47 -68  78  33 -82  68   6 -57  35  69  78   8 -48  83 -89   3 -80 -31  56 -90  54  44  41  -8 -50 -71  79 -50  86 -43  88 -18  35  40 -81 -79  31 -57 -42  33 -82  -8 -85 -61   3   8  77  16 -21  22  81 -21 -23  54 -13  53 -87  33  37  54 -76 -63   6  85 -52   6
-25  66 -63  16  11   8 -70   3  -9 -61  34  65   2 -49 -44 -11   8  37  20 -59  35 -32  60  16  -3  28 -48  33  21  44  66  37  90 -14 -30  58 -26 -35  87   0 -34  -7  -1 -40  39  60  48 -82 -70 -21  52   6 -28 -10 -55  54  30  55  53   3 -58 -78  -6 -78 -77   4  81  12 -20 -47   8 -49  46  24  53 -47 -10 -31  37 -76  81  29  86  86  -6  52 -89  25  -8   3  31 -76  16  -9 -35 -53  81  -7 -28  25
-71 -40   3  -1  16  35 -59 -23  -7 -29 -22   8   8  52 -28 -66 -87  31  -6 -89  36   2  73  78   0 -84 -79   2  70 -50 -65  15 -25 -84 -68 -44  57 -66 -18  35  16 -24   2  27  39  13   8  27  12 -59  42 -58 -57  21 -23  12  11 -81 -79   5 -78  48 -60  37  -4 -90 -43  13   5  55  71  54  71 -48  77 -25 -79  15 -86  64  73 -20  59   6 -46 -33 -77  18 -42  -6  56  34 -11 -11  68  40 -71  78  49  55
 71   6 -83  41 -40  42  21  46 -66 -51  65 -35 -33 -67 -77 -35 -31 -73  68 -60  80 -88   5 -64 -81 -44 -56  88  38   0  51 -31 -76  87  53  50 -77 -56  50 -49   3  19 -72  -4  23 -61  17  48  27 -73 -15  79  26 -17 -58  38  38 -66 -75  62  58  36 -80   3 -83  13  74 -87   7 -29  57  56  90  36   6  59  18 -56  75  54  18 -74  83  50  76  21 -89  90 -65  87   5 -24 -46   2 -23  69 -77  85 -62 -62
 21 -18  64 -33 -67 -87  -2 -25  23 -78 -13 -82 -50  -4  -4 -46  -1 -72  29 -54 -65  12  23 -56 -67  51   2  26  29  63 -50 -54  71  61 -10  73  -3 -79  11  -7 -80 -74  86  43  33  -2  29  -7 -51  10 -52  67  89  88  24 -86  51  73  -1  52 -19  68  35  48 -49  78  18  -3   7 -39 -69  76  12 -22 -34 -55 -83 -38  71  41 -19 -65  82 -20  24 -13 -13 -11 -78  -4  57  83 -48   3 -44  34  51  16 -87 -38
 64  29  -5 -88  37 -20 -37   8  39  29 -44  50 -29 -83 -90  46  51  26  66  54 -67  32 -16 -30  82 -43 -12  15 -40 -36  11  29  53 -38 -17 -21 -31  44  16  74 -19 -22  48 -64 -81   8  87   1 -90  -2 -16  36  67 -88  31 -90  87 -35 -54  76  80  61  35 -86  24 -14 -34   2  31  46  20  10   0  -2  48  43 -27   9  81   4 -59  75  -2 -48  70 -69 -32  65 -45 -84 -21  67  19  74  35 -53 -43  24  82  13
-84   9 -58  59  -6  48 -82  81 -49  -3  33 -77 -25  34  62  83 -23 -38 -88 -83 -49  41  77 -81  38  61  21  32 -54 -69 -66 -77  19  22  30  60 -26  61   2  26 -28  63  64 -16  12  27  19 -31   7  78 -81  40 -58 -61  15 -10 -29  84 -26 -23  10  57  23 -76 -21  25  71   0   8 -46  32 -52 -23 -88 -41  81 -47  20  40  61  33 -87  53 -10 -28  -5  76 -40  58 -30  19 -74 -45  88  11  14 -59 -39  12  75
 80 -18 -50  63 -67  11  25  33 -50  15  83  21 -22  50  40  47 -23  35 -68  16  32  -9  82 -60 -62 -58  44  -7  70 -39 -46  20 -81 -62 -73 -46 -34 -35 -29 -69  13  86  66 -48  32 -72 -47  84 -77  58  41 -20  44  82 -62 -77 -26 -35  50  11 -81  17 -86  77 -43  23  42  52 -38  25  54 -29  41  51  90  87  56 -37 -20 -81  82  71  62 -37 -40 -22 -59   5 -72 -49  85  85  26 -10  83  90  30 -64 -38  40
 45 -89  35  61   0  73  63 -44  87  18  53   7  -2  27 -74  49 -82 -83 -16  15  45 -58 -73 -29  14 -86 -85  13 -14 -31 -57 -74 -22  56 -21 -14  61 -82  45  58  82  61  56  68 -60 -20  54  51 -44  34 -42 -40  62 -37  16  12 -64   1  49 -78 -22 -90  62   0 -44 -19 -37   3  42 -52  46   8 -26 -79  70  82  57  83  38  85  58 -43  81   7 -34   1  43 -86   0 -49  55 -24 -70 -64  28  67  58  -1  85  54
 -6  81 -81 -37  13  36  60 -39 -33  19  44  85  50  42   1 -87  10 -16 -85  86  45 -85  66 -23 -41  72 -66 -45  49 -86  29  17  44  12  41 -75   9  38 -32  79 -84 -12 -28 -66  30 -19 -85  74 -58 -85  84  59  34 -57 -11  82  19 -70  33  76  28  68  22  -8  58 -33  14  60  49  59  20  50  68  74  67  74  10  16 -72   1 -40 -16 -68  38 -67 -55  59 -78 -47  -9  36 -22  -3 -31  67  -3  88  28 -47 -12
-46  88 -37 -70 -63 -60 -71  43 -53  -3 -36 -59  41  46  24 -44  73 -90 -74  12 -38 -56  56  -4  48 -46  70 -79  -4 -70 -66  75 -14  70 -87  87  89  -4  46 -74  52  24 -65  46  46  31  -4 -38  25 -38 -51  10 -26 -12  53  19  51 -22  58  58 -86  80  23 -21  81  60  -6 -38 -18 -34  32  58  46  71  38 -68  -4  11  50 -49  87  57  28  60 -68 -23  43 -26  23 -11  34 -75  31  74  49  28  -4 -61  35  81
 86 -49 -41  15 -74 -65 -19 -24  30  39 -71  14  70   3 -31  57  52  90 -31  83 -17 -59 -71  25  84   9 -65   3  38 -50  60  43  27   9 -23 -16 -63 -43 -75  79 -73  33  17  37  34  57  34  50  81  29  56 -69 -17  86 -20  81 -25  25  80  19  59  59  88 -81 -88  78 -18 -43 -62  32  44  -9 -60  19 -27  77 -54 -11  42 -36 -68  21 -58  59 -73  70  -8 -11 -59  10 -63  61 -39 -63  75 -82 -88 -38 -81 -86
 87   1  45  89 -69  17  17  78  84  85  53  65  25 -65  50  -5  13 -41  11  59  38 -71  17 -43 -28   8  21 -53  90  82  78  81   5 -13  -1 -87  73 -72  39  56 -26 -52  12  36  74  82 -43 -36 -27 -70 -61 -14  73 -68 -90 -23 -49  42  51 -35 -67  43 -72  42  57  28 -75 -85 -29  70 -26 -41  88   5  72 -59  36   4 -70  14  77  20   4  57 -79 -68  66  69  35 -73  49 -77 -38 -27 -51 -41 -69  62  -8  88
 66 -39 -45  50  61 -45  54 -83  50  47  52 -22 -52  10  53 -74  45 -18   1  78  55  24 -15  15  33 -83 -13  38  47 -67  12 -57 -41 -86  61  84  24  62   1 -60  20 -39 -12  23 -79 -26 -59  82  13  -1  37  43  66  36 -30  86 -86 -38 -54  54 -20 -19 -11  58  -9 -53 -27   6 -76 -45  -3  15 -88  35   6 -14  23 -84 -33 -70 -53  20 -40  79  66 -50   0 -18 -65 -17  82 -26 -17 -52  55   3 -70 -68 -89 -24
-49 -83 -43  -4  -1 -66  68  90  87 -80  80  69  14  21   6  24 -40 -44  89  70 -52 -85  54 -72 -15 -24  59  25 -30  76  10 -68  56  -7  42 -72  41  68  62   1   3 -49 -87  36 -22  64  54  52 -55 -46 -38  -7  24  24 -46  55 -66  79 -76  33 -73  33  28  52 -29 -55  38  65 -73  28 -77  80 -86 -84   7 -43 -28  15  56  88 -84  16  90  -3 -18  71 -70 -66  25  53 -45  48  79 -88  22  17 -28  69 -18  72
 81   3 -69  68 -54 -37 -61 -19   7 -85  88  66 -88   5 -33  36  53 -72 -67  71 -21 -69  18  39 -22 -70  43 -65 -31 -56 -77 -37  52  16 -88 -38 -74  84 -84  18 -44 -53 -22  10  85 -48  12 -59   3 -13  31  28 -64  14  81  -3  64  75 -90  41 -49 -83 -65 -81  22 -12  29  12   5  13 -33  72 -78 -58  88   1  86 -88 -80  62 -50  63  34  -2  36 -11  30 -86 -37  -2  -6  16  65  30 -74 -57   1 -80 -13 -71
-68 -53  43  90 -48  12 -68  24  71  40 -55  44  17 -60  39 -34  31 -37 -72 -24 -34  48 -57 -36 -22 -46 -69  76 -78 -22  88  44  36  87  19  65  89 -47  64 -84 -61 -15  63  88  10  88 -31 -68   5  44  15  67  75 -14 -17  47 -20  -7 -28 -14 -81 -35 -67 -52 -67 -65  29 -12 -65 -75  40  36  37 -31 -46 -26 -64 -45  69 -56  -4  18  89 -70 -49 -26 -79  -2  10  73  69 -41 -50  52 -83  52 -57  67  24 -75
-57   8  23 -86  56 -57  90  70 -45  81  22 -61 -70 -29 -13 -77   3  68 -41  23 -51  81  53 -59 -61 -30 -19  52 -42  27 -61  84  85 -85 -34  40  31  11 -89  16  29 -42  90 -59 -33 -52  64  88  74 -37 -27 -23 -67 -24 -72   5  88  81  33  84 -66  24  52 -61 -75  63  40  22 -84  78 -15  35 -44 -44 -48 -23 -66 -90   4  29   0 -57  -2 -42  75 -27   5  16 -72 -19  26  12  32 -77  82 -45 -90 -82 -45  13
 87  32  31  76 -63  16   6  62 -12  31  12 -25  63  65 -16   0  25 -49  21  38  37  -4 -86 -63 -45 -29  60  89  84  63 -55  67  16  21  48 -48   1 -11   7 -18  70  28 -13  52  89 -89  39 -36  -1  48  48  61  63 -62  23  28  87  33  -6  89 -52 -60  52  34  -5 -64 -85 -86  77  81 -42 -66 -81 -69  84  33 -47  67  19 -47  20   9 -16  37   7  -6  11  74  76 -90 -67  18 -35 -17  73 -39 -15 -12 -23   0
 36  45   2  21 -45 -23 -51 -70   7 -33 -26 -63  83 -48  28  43 -22 -18 -65  63 -79  67 -53 -47 -65   8 -82 -68 -56  16  43  61  80  32  73 -73 -88 -52  40  -1 -84  27  55 -44 -11  90   6  76  48 -42 -85 -13  54 -65 -80   8 -24 -21 -16   0  18  21  66 -67  13 -84  86  57 -55  62 -26   6  27 -62  54 -50 -20 -48  63  79  26 -25 -23  70  70  36 -17  65  32 -61  10 -64  19  43   1   7 -73 -49  13  55
 65  36 -50  42  25 -78 -10  87 -15 -28 -53 -62  31  53  90 -36 -82  74 -23 -34  42  40 -41  18  84  19  47 -52  51 -83 -84 -67  15 -67  -9  65 -18 -59 -78  62  42  46   4 -32   7  28  -2 -72 -49 -20  90  57   6  73 -61  51  68 -75  71 -18   6 -58 -77  28 -31 -24 -74  56 -35  68 -60   7 -55   2  26 -11  28 -79  -1  -4 -30  -9  12  -6  57  52  66 -52 -53   8   9  34 -80  38  53 -66 -81 -17  79 -12
 47  25  39  43 -44 -85  46 -78 -16  43  83  31 -23 -62  31 -63  45 -15 -73  74 -13  62  61  43  10  12 -82  32  24 -55 -90  45   3 -57  36 -51 -33 -24  90  15  77  41  35  21 -66 -25 -13 -15 -13  -7  57 -39 -62 -46  54   5  61 -69 -74 -69  47  71  74 -45 -72 -82  31 -16 -19  31  36   0  11  85 -13  53  38  89 -76  16 -47 -18  52  90  86  71 -89 -35 -63 -35  64 -38  25 -29  45  65  12  13 -56  48
 73 -44 -59  27  87 -64  12   5 -72   9  -5  77  66 -53   5  32 -61  49 -86  75 -28  22 -13 -46 -83 -20 -78 -75  88  62  -1 -71  13 -83 -24  55 -57   2  55 -81  -5  19  11  26 -84 -28 -88  56  65  -6  69  51  68 -51  61  19  54 -72 -54  23  76 -52  79 -76 -31 -50  80  50 -19  -5 -49 -58  25 -21 -80 -48  32   4  16  75  67 -52 -36  26  -8  81 -73  88 -81  -8  10 -36  79  -5   1 -70 -37  -1 -90  36
 -3  21  21 -16  84 -10 -90  18  78 -24 -68 -66 -68 -64   1 -90  16 -79  84 -58  53  79 -73   9  90 -54  60  88 -39 -29  47  80 -73  79  35 -78 -88  35  42 -64  77 -58 -34 -36 -42 -28   3  39  41 -53  15  45 -11  -2  31  84 -82 -19  -4  14 -27 -60  53 -84  68   2  39 -32 -18  13  80  23 -72  52  75 -66 -26  68  63  25 -23 -75  84  89  15  70 -29  70 -32  58  39  10  75  65 -80  50 -86 -69 -50  45
 84 -14 -23  44 -85  50 -59   6  29  58  42 -69  56  45 -82  90  38  81 -67 -85 -86 -52  40  78 -90  14 -17 -23 -40 -20  -1  60 -19  -3  17 -58 -48  54  57 -80 -48 -48 -46  82  -4 -11  60  32 -78 -67 -21 -43  11 -54  80  42 -85  74 -20  81  81  23 -57   1 -64 -73   8  55 -43 -32 -30  14  29 -20 -90   6  15  70 -22 -61 -84 -50  83 -54 -82 -49  -9  47  36   1 -89   5  46  45  71  24  15  66 -48 -43
-32  85  57 -62  70  22 -61 -68   2  84 -57  22   2  32  60  15  83 -18 -13 -18   9 -49 -84  52  88 -37  -1  34 -18 -83 -15 -35  70 -55  33  73  43  -6  54 -44  87  -9 -73   1  36  -4 -70  11 -14 -41 -38  21  44  83  29 -61  72 -10 -55 -14  18  25 -30 -37  -2 -18 -11 -33 -29  49  36  -4 -26  27   8  86  -5  87  84  55  47  -3  89  -3  84  89 -65 -61  48  57  63 -83 -81  88  73 -69  59 -31 -79  72
 39 -32 -36  86  48 -44  54 -49 -56  39  34  -3 -52  67 -86  46  77 -59 -82  44  56  50 -21  26  -8  35   0  54  55 -87 -56 -70 -68  48  51 -18  54  44 -34 -34 -41 -48  68 -20 -58  13  75 -45  79  80  -9  62   3 -56  52   1  36   3  24  23 -46  42 -40  27  29 -24  88 -30 -70 -80  45  10  26   5 -13  41 -39  84  85  60 -60  58 -20  87   9  -3  27  85 -62  47 -36  66  79 -32  -8 -33 -66  25 -65  80
 61 -47  52  -1 -22  65  11   3  83  72  40  22 -18  59 -63  57  39  33 -45 -13  35  38 -77  85  65  71 -27  52 -47  52 -82  47 -88  25 -74  78  17  19  39  52 -14  -5 -63  19  78 -36  40 -53 -56 -52 -55 -89 -10   1  63 -27  36  35   4 -86 -39  26 -49  48 -26 -38  34 -56 -83  28 -19  -6 -41 -73 -37   4  87  43 -48  56 -65 -57  32 -40  11 -23  65 -68 -77   3  52 -48  25  50  78 -73  21 -75 -77  33
-72  -4  28  79  -5  90 -30  90  77 -66 -28 -30 -15 -63  18  68  58 -69 -60   4  77  61 -16  31 -27  -1 -70   5  30  39 -18 -41 -59 -62  80  73  87  -4  48 -51 -81  28  66 -66  42  46 -59  14  39  -2  50  55  57  -1   5  -2  -1  49  -5 -14 -62  53  22 -69  12  84  13 -59 -34 -32 -34   7  -8 -83 -56  32  79  21  50 -22  72 -22 -87 -87 -30  -2  27 -86 -18  70 -49 -78  46  73  46 -48  52 -35 -39  19
-29 -21  20  39  43 -63 -54 -75 -26 -54  -4  38  50  52  16  74  14 -22   8 -23  26  49 -37   2 -27   1  58  60 -62  -5 -65 -51  32  -9   5  65 -74  -1   7 -71  81  55  27 -40 -48  72  21  23  14 -36  73  47 -76  55  54 -67  -8  14 -42 -29  29  87  68 -79  55  46  50 -42 -14 -15  46 -61 -32 -49 -40   2 -59  21 -40 -31  -5 -14 -18 -31  49 -18 -86  32 -22  47  82   0 -43  52  62  76  19  12  63  21
-42 -65  48  59 -59   5   2 -69  80 -44 -47 -26 -48  85 -45  82 -80  70 -44 -30   3  70  81 -20  85   9  90 -34 -45 -54  11  70 -24  65 -54  -3 -37 -50 -50  54  -1 -62  83  69  78 -84 -58 -64 -37  27  22  -5 -66 -85 -58 -51 -82  59  52 -86 -55 -30  -9 -80 -42  72 -59   5  81 -85  55  47 -18  -6  18  23 -11 -68  75  26  50 -12  37  59 -58 -37 -57  73 -69 -13  66  52 -65  59  -7  11  81  85  -2  51
-21  61 -31  30 -10 -44  37 -13 -89  44 -76 -68 -63 -23 -30 -49  -6  81  -3 -13  18  46 -45 -78  20  47 -35  80  18  19  -7  32  79 -67   3  67 -40 -76  87   5  16 -34 -61 -34 -72  65  28   8  47  75  61  25  88  70  85  78  64  44  15  60  60 -46  64 -44  32  59  21 -52 -66  46 -45 -12 -71  78  64  43 -47 -31  49 -16  11  57  20 -18  15  58   8  43   1  19  68 -38 -78  84 -90  49 -65  82   4  86
-32 -24  35  81 -17 -84 -75  44  21  76  84 -47 -75 -46  10 -56 -33 -39 -75  -7 -74  -3 -69 -53 -35 -13  60  29 -73 -43  70  47  33  84 -53  63  72 -88  -6 -47  43  -6  86 -65  30 -73  46  19  73 -35 -15  65  87  80  70  86 -74 -77  71 -79  50  18  33 -74 -71  74  31 -66  25  16  44   8  90 -26 -61   5  42 -73 -79  51  37  90  48 -22  73 -10 -66 -42  67  77  60  73  30  16  -7  22 -28  45  -5 -84
 45 -67 -81 -49  68  30 -30  13  55  35  72 -11 -48 -28  19  75  55 -43 -23  -7  34  -5  -5 -77  81  62 -86  30 -88 -77  25 -68 -66  86 -71 -74 -58 -83 -11  -5 -90 -48  36  72  33  23 -88  16 -32 -82  -2  22   6  43 -24 -11 -83  49   1 -34  86  24  35  49  -2  42 -22  75  90 -65  29 -55  85 -45  13 -37  24  66 -70  54 -57  -9  23  36  25  -3 -71 -80 -65  78  -2 -45  41 -13  30  80 -40 -86 -19  30
 77 -13  -3  80 -14 -81 -28 -61  83  67 -45  13  45 -32 -15  47  73 -40  16 -29 -66  24  -4  43 -13 -60 -15  66  65 -33  85  26 -39   3   2  90  16 -78 -32 -30  67  83  84  18 -12  19   9  15 -32 -56  64 -28 -19  55  -3 -28  53  49  -8  63 -37  27  38 -34 -80 -50  48 -16  34 -87  22  10  42  -1 -72  12  20   2  67  78  47  90  81  27  13   2  50  69  38 -87 -24 -30 -58  -7  74  18 -74  -6  29  40
 28 -80 -39  35  42   5  34 -77 -35  34  -3 -27  10 -36   8 -63 -26 -61 -76  66 -76  30   7  -7  -7  54 -89 -46 -31 -24 -11 -47  31  90  66  61  75  50  56 -87  33  58  61  23  20  24  88 -60  47 -68  12 -86  64 -90  54 -42  20  63  31 -75 -35  35  -5 -54  85  81  10   0  39  31  55  56  57  10 -73 -15  21  78  54  23 -75  30  89 -86  15   5 -85 -69  51 -24  67  48  85 -66 -85 -89 -55  53  22  46
 82 -59 -20  62   8  19 -25  65 -14  40 -25  21  85   9 -22  77  -7  11 -28 -14 -29  48   4  64 -48  84 -29  55 -11  84 -68  35  38 -68 -39 -63  71 -24 -77   8 -28  41 -11  74  66  75  16  32 -51  34  34  -8  26 -39  84  42  70 -66 -38 -12  46  -7  76  -1  81 -41 -13 -83 -23  48  53  56  68 -41 -40  -1 -47  75 -14  79  57  58  46  34  53  37  68 -73  60 -77  61 -56 -23  15  49  53 -27 -53 -71 -51
-24  35  77 -65 -84  44  39 -16  33 -16  86   9  41  -8 -50  30 -34  12 -58   4 -69 -46  -8 -15 -65   0 -79 -88 -31  44  43  69  76 -32  -6  -6  27   6 -32  29  72  12  37 -16 -83  90  69 -50 -18  47  54  30  36 -49 -85  64  41 -80 -45  32 -69 -84 -24 -54 -55  32  29  15  72  -1  56 -25  45  31 -67  28 -49 -14   1 -64 -86  60 -37 -77  54 -29  35 -57  58  -6 -66  37  62  -7  55  65 -77 -70 -42  90
-62  33  36 -40 -25  10 -51 -90 -76  88 -72 -87 -48  52   5 -55  37  80 -16 -63  50  51 -64 -87 -10  34  34  17  12 -53  33  44 -42  71 -48  50  56 -12 -25 -20 -12 -66  16 -28  58 -55 -41 -29   6  53  -3  56  50  36 -87 -83  70 -65  -4 -35  38  67 -18 -20 -70 -85 -39  40  11  34 -90 -86  44  56 -39 -29  23   1  83 -56 -69 -57 -52  -7 -18 -75  88  16 -17  18  81  60   0 -10  28 -28 -68 -53  -6  51
-24  72 -88  11  71 -77  83  18 -67 -35 -25 -58  -6 -28  -9 -65   7  57 -54  41 -48  36 -88  87  37 -39  42 -30 -27  37 -86  34 -42  89 -51  -1  66  48  18  45  37  32 -54  55  50 -71  12 -10 -28 -72  23 -44   4 -14  87 -47  55  19 -16 -15  -4  15 -63 -12 -81   9  31  36  56 -48  31  12 -49  60 -65 -61  51 -83  53 -31 -27  19  63 -46  -6  42 -31   9 -48 -50  85 -60  38  -6 -23 -46  39  41  30 -38
  4  85 -49  74  42 -31  20 -21 -44 -89 -60  75 -42  46 -64  61  88  -7 -62  84  80   0  35  60 -19  88 -37  25 -32  32 -65 -26  51 -51 -43  44 -48  82  61 -42  50 -69  88   9 -29  30  25 -57  27 -36 -49  62 -13 -52  60  19  36  15  67  18 -33 -69  69  49  56  25  -7  32 -76   2 -75 -29  -4 -28  19 -80 -82 -61 -75 -35 -61  87 -50  16 -11  70 -58 -72 -78  50  62 -49 -56 -78   6  84  83  20 -21 -69
 43  34 -13 -60 -66 -49 -70  48 -63  68  -3 -47  26 -67   1  -2 -47  23  84  59 -90 -63 -24  -7  82  15  32  32  43  72 -22  31  72  79 -70   7 -90 -80 -22 -53 -21 -25  56 -26  11  88 -27 -68 -82  81 -69 -58  58  14  44  18 -58  41 -33  50 -30  69  62 -38 -55 -29  38 -59  42 -80  75 -22 -19  -2 -87 -17  37  43 -38 -47  51 -66 -56 -71 -59  32  89 -35 -29 -76  87 -62  22  74 -11   3  90  15 -84  78
 77  66  28 -66 -88 -56  81 -80  27  -6  -9  48 -20  84   6  41 -48  34 -52 -10  30 -72 -59 -53 -39  37 -65  -4 -78  65  76  -2  58 -49 -90 -13 -27 -36  32  40 -41 -13  -8 -86 -49  38 -76  -4 -81 -66  43 -35 -50 -85  87 -18 -19 -31  66  75 -41  26 -46 -86 -74 -86 -41 -50  63  80  84 -25  -3 -77 -76  44  12  -4  57  70 -56  -8  60  52 -37  18  59  45 -32 -73 -42 -62 -64  42 -83  -6  89 -65  51  17
-81 -15 -83 -86  -1  -2 -23 -82 -25  -3  -4 -86  47 -66 -49 -55 -79  62  60  78  78  35 -28 -55  56  25  54 -30 -42  17  27 -65 -76 -39  70  23 -46  74   4  40 -83 -67  11 -13  47  68  65 -69  86  53 -56 -58  27  79  50  56  26  26   5  44 -31 -21  -6   1  18  76  -3 -75  63  19  87  77  65 -30 -35  79  19 -50 -20 -24   4  71  37 -69  56 -36 -45 -52 -37  72 -43 -47 -76 -42  89 -46 -37 -63 -82 -49
 -2   0   5  54  65 -87 -49 -32 -55   0  40  11  77  89 -68 -44 -16  78  -2 -78  37 -73 -18 -81 -70 -20  66  52  32  76  88  49  60  66  20 -26  69  51  61   3  41  -8  68  78  38  61  39 -10  61 -37 -42  62 -56  36   6  55  79  43   9  24  83  24 -80  14 -62  61 -21 -27  31 -55 -63  11 -59 -61   9  31  -2  38   1  28 -79  68 -66 -10 -44  -7  87   4   1   9  64  44  39 -12 -75 -39   9 -53 -84 -89
-84 -51 -63  55 -80 -38  52 -54  43 -22  -5 -51 -37  51  21 -85  62 -17 -24  11 -86 -38  12  46 -17  60  24  76  37  71  77  86  53 -20  86  17  18 -57  33 -31  88  -1  27 -19  18  23 -27  52 -33   1  48 -73 -80 -19 -36 -23 -34   2  39 -53  56  -5  28 -45  81 -10 -11  28 -90  12 -26  38  24   7 -74  40  55  54  33  27 -40 -24  19   2 -35  60  90 -44  -6  15   3  89  44  58  82  67 -86 -36 -18 -54
 49 -82  67 -19  56   4  68 -64 -76 -26 -86 -53   8  58 -83 -81 -21 -84  65  46 -83 -53 -36  37 -82  11 -41  39  26  18  55 -65  87 -49  -5  11 -88 -68 -38 -84 -26  12  26 -21  63  23 -80  47  77  -4  50 -87 -24  23  -5  64  -4  -4  55  62  33  44  83  49  83  81  -6  84  63   0  79 -68  48  -6 -23 -83  57  87 -36 -75 -57  71 -82  63  16 -27  74  71  80 -38  87  -6 -30 -30  84 -47  22 -63  19 -17
 81 -52  67 -79 -39 -35  65 -33  84 -18   5 -66  62  43 -45  36  70  52   3 -45 -60  65 -16 -51  16  50 -75  26  21  26  -4  36 -38 -31 -53 -73  29  59  35 -55 -57  82 -10  72  62 -17 -34 -37  70 -48 -80 -46  51 -50 -47  32  77 -65 -58  61 -74  24  37 -39   1 -34 -42 -56  86 -90 -53  32 -40 -52 -52  47  17  53 -85  85  37 -69 -35  45 -18 -85  57  47  -3  59  -9  -7  58  82 -82 -44 -21 -21 -77  31
 30 -65 -71 -31 -38  67 -20  75 -22  83  54 -52  -8 -71 -26 -58  90  68 -56  14 -48  16  53 -16 -59 -71 -36  29  22  89 -82 -51  56  33 -23  39 -79  18  81 -14  51 -54 -26 -80 -66 -82   2   2 -87 -51  20  48 -67 -14  73  19 -31   2 -27 -54  55 -16 -23  76 -12 -85  80  -1  44 -64  10  28  10  77  23  43 -21  83  84  40  68 -44 -77 -18  16  42 -50 -84 -79  80 -26  15 -37  22 -57  75  57  41 -15 -47
-64  26 -69 -85  27  30  -1  35  78 -36 -65   3  34 -15  64 -67  87  66 -61 -64 -58 -62 -58  54  30 -87  -3 -26   8  65 -48 -53  60  28 -80 -34 -15  70  58  19 -62 -11  65  38 -60 -39 -83  34  -4  50  37  45  64 -45 -72 -43   8  41  80  50  15 -38  -4 -50  16 -52 -22 -48  87 -10   5  33  64 -83 -34  39 -18  43  -4 -24  -4  17 -89  18  26  10  76  18  86 -64 -57  30   0 -46 -46  11 -62 -26 -55  57
 21  -3 -81 -41  61  62 -70 -14 -50  62 -72   8 -53  21 -36  76  84 -28  29   3 -67 -64  47  35 -83  90 -48 -48 -76 -19  70  60  66  59  71  73  68 -83  81 -34 -75  32  58 -65  35 -36 -73  59  65  67  62  32 -18  67  37 -13 -24 -55 -29   0 -85  11  38  -3  89   6 -52  32 -69  13   5  30  39  75 -15 -87  45 -32  86 -18  69 -70  14 -53  83  25  47   3 -83  32 -18 -86  86  55 -21 -42  71 -47  32 -28
 -5   0 -24  -1 -62  74  16 -19   8 -85  72 -39 -51 -73  65 -15  59  46  35 -71  48   6 -36 -28  40  47  52 -41 -59 -27   6  42  44  70 -83  86  60 -66 -78  76 -42  40  15 -87  62 -54   3  50 -62 -14 -73  38 -67  27 -61  78 -15  61  11  37  31 -50  72 -48  16  72 -57  71  38  -9   2  13 -69  22  37  84 -33 -53  -1 -60 -56 -50 -22 -18   9  84  49  19 -66   1  61  -3 -20  -5  31  84  21  58 -11 -63
-51  64  38  19  17  57 -11 -75   5  37 -63  24 -84  58 -77 -40 -76  65 -66  12  16 -15  52  58  48 -32 -58 -82  65  10  -8 -15 -87  51   7  53   8 -67  11 -74  28  20   1  82  61 -50 -33  76 -39  83 -23 -64   4 -10 -28  53  12  64  37  62  12  21  50 -79  62  84 -17 -87 -46  23 -88  67 -16 -63 -24  61   6 -52  26 -16  48 -61 -52  15  71 -86  12  51 -71  37  16 -84 -26 -78 -47 -63  88  67   0 -66
 33  67 -38  58  23  32  73 -15  29  -5 -23 -84  88  24 -23  27 -61  67  81  -6   5  44 -46 -63  55 -40 -75  18  58 -75  60  60  55  18 -41  65  29  17  49 -90 -84  35 -65  11  -5 -54 -58 -67  40  40 -83   5  32 -36  79  61  49 -36  -7 -75  30   1 -42 -30 -12  -5 -74 -84  27 -78  21 -38 -30 -81  25  54 -39  40  35   4 -36 -10  61  -7  15  52  51  76 -72 -69  76  69  88 -78  38 -26 -53 -75  -7  57
 55  28  66 -33  -9  81  23 -61   1  -9  29 -54 -28  -5 -76  58  36 -79 -63  35   9 -37  42  15 -80  77 -33  53 -80  80 -48   0  36 -74  46  12  -2  59 -54  61 -52 -19  47  37 -30  24  69 -34 -78  72  11 -33 -25 -61 -69 -27 -46  53  24 -47  31  76  40  -6  16   4  89 -79  35 -32 -32 -60 -66   0 -55 -42 -83 -69 -86  86 -16 -46 -70  69 -18  22 -49 -65 -10 -50 -72  88 -43  35 -22 -20  84 -79 -71 -86
 46  10  25  77 -10   9  24 -10  15  48  -9  25 -33  -9  62 -73 -64 -68 -46 -22 -54  74 -12  35  -8  30 -85 -51  41 -40  86   2 -47  27  42 -53 -43 -25  79 -65  -2  52  27 -23  74 -55  -8  40  72  -6   1  -7  14   5 -45   4  53 -64 -88  17 -37 -83 -37 -70  19  -5 -54  -1  48 -49 -38  63  56  84  35  19   9  30 -61  32  66  32 -45 -56 -20 -77 -36 -31 -36 -51   3 -23   9 -58  54  90  87 -53 -73 -23
-11  -7  10  65  13 -21  46  83 -21  84 -89  63 -15 -56  73 -65  31  -7  85  -4  87  85  57  23 -74  33 -69 -77 -21  25 -19   3  23  55  44 -40 -57 -28 -85  53  68  70  19  24  75  -6  84 -25  72  61 -33 -74  17  45  16 -64  -6  30 -69  36  59  22 -39  54  54 -75 -16  70 -74  20  31 -85 -79 -38  50  56 -13 -87  88  39 -32 -41 -57 -67  -8  -7 -36 -89  51  37  51 -40 -39  55  60 -69 -86 -78 -81 -40
 71  27 -17 -30 -77  60 -83 -25  78 -39  -7 -26  72  30  30  75  -7 -79  54  10  -3  49  53 -49   3  36 -88  59 -85  66  66 -76 -59 -72  27 -51  -3  38 -77   7  59  69  30 -40  -3  21  34  61 -86  50  -2  42  89  80  83 -10 -84 -61  50  -9  76 -74  46 -42 -65  13  83 -65  33 -79  69 -18 -83  13 -12  76 -69  15  66  46  15 -50 -87 -76  38  11 -67  80  43 -42 -78  21 -41 -40  -4 -59 -57  81  49 -57
-36  35   2 -45 -23  79   1  80 -71 -34 -28  32  45  -1 -25 -31  10 -36  -9  49 -88  77  72  16  76  -9 -18  68 -48 -11 -30 -72 -68  81   2  66  62 -18 -90  84  71 -36  11  16  82 -52  76  81  -3  24  65 -53  50  60  16 -80  -4  59 -31 -48  43 -50 -77 -33 -47  59 -77 -49  37  40 -29 -50  -5  83  28 -18  55 -57  62  66  68 -43   0  75   3   3  40  78 -22  56  49  85  69 -43 -33  71  37  52  82 -88
 72 -20 -60  69  45  60 -45  -4  56 -19 -79  16 -34  49  34  89  80 -44 -15  43  55 -71  -6   4 -15  87 -14 -87   8  85  84  27   8  21  55  15 -49  27 -87  32  39 -58   4 -30 -45  -3 -81  78 -60 -61   3 -28  11 -68 -48 -79   5 -28 -85 -25 -70 -70 -90  87 -33  26 -24 -66 -77  80  -2 -51  35 -79  57   1 -81 -64  54 -84  90  41 -78 -88  12 -80  30  12 -27  43 -34   1 -74 -29  70   9  56  32  83  85
 73  76  27 -15   0 -58  36  35  43  88 -22  56 -57 -44 -46  62   0  25  36  -5 -66  46 -36  40  77  52  40  52 -30  71 -16  71  25 -32 -25 -53  -7 -45 -69 -80  61  19 -55 -15 -73  30 -35  76 -72  24 -37  81  80 -78  16 -33  73 -53 -25 -44  49 -80  72 -34  -8  90 -84  74  35 -68  70  33  46  74  57 -38  17  -3  45  64 -41 -21 -66  17  58 -26  63 -70  29 -66 -65  34  54 -10 -32  30 -67 -86  60  37